id	label	x	y	cluster	weight<Links>	weight<Total link strength>	weight<Occurrences>	score<Avg. pub. year>
1	acoustic	0.1037	0.4684	1	10	10	4	2011
2	acoustic model	0.4424	0.7663	4	15	21	3	2010.6667
3	acoustic oscillation	-0.7285	-0.6694	3	25	38	3	2018.6667
4	acoustic resonator	0.0263	0.74	1	23	24	3	2016
5	acoustic signal	0.7493	0.6314	1	3	3	2	2017
6	air	-0.6321	-0.305	5	21	31	4	2015.75
7	amplitude	-0.2128	-0.0994	3	38	51	6	2010.6667
8	aulos	-0.2537	0.3443	1	10	10	1	2021
9	axisymmetric acoustic pipe	0.3411	0.7946	4	13	19	2	2008.5
10	bandwidth	-0.9574	0.2323	5	13	23	1	2018
11	basis	-0.4307	0.3445	4	10	10	2	2011
12	boundary	0.269	0.241	4	16	18	3	2014
13	brass instrument	-0.2483	0.6029	1	14	15	3	2020
14	case study	0.7095	-0.3242	4	14	15	2	2017.5
15	cavity	-0.3133	-0.2282	5	27	47	5	2008.4
16	collision	-0.4958	0.0295	1	19	19	2	2014
17	component	0.453	0.2101	6	43	46	4	2013.75
18	compressible large eddy simulation	-0.6572	-0.6911	3	22	25	2	2016
19	control	0.4249	-0.0396	2	43	72	7	2011.1429
20	cooperation	0.4332	-0.1872	2	31	52	2	2009
21	criterion	1.096	-0.3729	2	28	49	2	2009
22	cross section	0.001	0.3665	4	17	23	3	2007
23	decrease	0.3456	-0.614	5	9	10	2	2009
24	delay	0.1618	0.6619	4	19	21	3	2008
25	denition	0.6014	-0.5725	2	34	55	3	2007
26	detail	-0.0501	-0.3829	4	26	27	3	2016.6667
27	digital signal processing	-0.4007	0.9128	1	8	8	2	2011.5
28	discontinuity	0.1282	0.755	4	17	18	2	2009.5
29	distance	-0.4491	-0.3387	3	21	24	5	2015
30	duct	0.4793	-0.3424	2	32	37	4	2014.25
31	edge	-0.476	-0.6833	3	15	15	2	2015
32	edge tone	-0.6896	-0.4499	1	12	12	2	2018.5
33	eect	-0.6076	0.3798	1	13	13	2	2010
34	energy	0.6264	0.2869	6	44	68	5	2015.4
35	excitation	1.0284	-0.3826	2	28	49	2	2009
36	excitation mechanism	-0.152	0.7939	1	24	26	4	2021.75
37	excitation model	0.0757	0.6053	1	13	13	2	2016
38	experimentation	-0.5018	0.4476	1	10	10	2	2020.5
39	flow tone	0.2149	-0.6761	5	11	14	2	2003
40	flue organ pipe	-0.8188	-0.1752	3	28	42	4	2017
41	flute wind musical instrument	0.0093	-0.7506	3	11	12	2	2020
42	focus	0.2709	-0.4452	4	19	19	3	2016.6667
43	foot	-0.5508	-0.8162	3	20	26	2	2021.5
44	frequency domain	-0.5335	0.7976	6	3	3	2	2009
45	fundamental frequency	-0.7822	0.5839	1	11	11	2	2016.5
46	general class	1.0031	-0.4869	2	28	49	2	2009
47	geometry	-0.5566	0.0182	3	22	23	5	2016.4
48	helmholtz resonator	-0.8071	-0.3229	3	22	30	3	2018.6667
49	initial condition	0.3759	0.1892	4	11	12	2	2016.5
50	instruments	-0.3709	0.0742	1	24	26	3	2012.3333
51	inuence	-0.1303	-0.2314	3	21	25	4	2012.75
52	jet	-0.9316	-0.1822	3	34	48	7	2013.5714
53	jet motion	-0.7622	-0.6021	3	22	25	2	2016
54	jet velocity	-0.8313	-0.4273	3	26	33	3	2019.6667
55	length	-0.2875	-0.1101	5	33	50	5	2010.6
56	longitudinal wave	0.5299	0.6997	4	13	19	2	2008.5
57	methodology	-0.347	0.3985	5	18	28	3	2014.6667
58	mode	-0.2892	-0.29	5	29	37	5	2007.4
59	mouth	-0.2572	-0.6695	3	23	25	4	2010.5
60	music	-0.5022	-0.4635	1	9	10	4	2015
61	musical instruments	-0.1826	0.5386	1	10	10	2	2010
62	musical sound	-0.5272	0.2067	1	16	16	2	2018.5
63	natural mode	1.067	-0.26	2	28	49	2	2009
64	new approach	0.5603	0.1888	4	36	40	4	2013.75
65	number	-0.4133	-0.1622	5	30	42	5	2017.8
66	numerical stability	-0.014	0.6347	6	15	15	2	2020
67	optimal control theory	1.1236	-0.216	2	28	49	2	2009
68	optimization	0.4039	0.063	2	34	36	4	2013.75
69	optimization criterion	1.1007	-0.1501	2	28	49	2	2009
70	optimization method	0.6461	0.0481	1	7	7	2	2017.5
71	order	0.3691	-0.4874	2	38	68	11	2012.6364
72	oscillation	-0.3036	-0.434	3	31	40	7	2010.8571
73	oscillation frequency	-0.7667	-0.4483	1	19	20	2	2017.5
74	oscillation regime	1.0901	-0.0806	2	28	49	2	2009
75	oscillator	-0.4143	-0.7421	3	19	22	3	2015.3333
76	perception	0.3573	-0.9855	2	3	3	2	2012.5
77	percussion instrument	-0.581	0.1833	1	13	15	2	2018.5
78	physics	-0.4267	0.2186	1	24	27	5	2017.2
79	pipe organ musical instrument	-0.9926	0.0404	5	13	23	1	2018
80	pipeline cavity system	0.2831	-0.6736	5	11	14	2	2003
81	playing frequency	0.9433	-0.5253	2	29	51	3	2011
82	present work	0.3504	-0.3555	2	33	56	4	2012.5
83	pressure	0.2852	-0.0384	2	57	86	8	2011.5
84	pressure wave	0.2227	0.1673	4	15	16	2	2014
85	pulse	-0.9151	0.5709	1	7	7	3	2015.6667
86	recording	-0.6538	0.866	1	9	10	2	2023.5
87	regard	0.8663	-0.6137	2	25	26	2	2009
88	resonance frequency	-0.646	-0.1741	3	23	31	4	2012.25
89	resonant frequency	-0.248	0.2326	5	20	30	3	2017.3333
90	resonating pipe	-0.9824	0.1713	5	13	23	1	2018
91	role	-0.052	-0.2734	1	46	57	7	2018.5714
92	sensitivity loss	-0.9963	0.1089	5	13	23	1	2018
93	shape	0.5014	0.1037	2	45	70	5	2012.6
94	signal	-0.2478	0.1478	1	28	30	5	2016.6
95	single reed	0.4574	1.05	6	8	8	2	2014
96	single reed wind instrument	-0.4374	1.3249	6	2	2	2	2002.5
97	single reed woodwind instrument	0.5663	0.9979	6	8	8	2	2021
98	size	0.2327	-0.5377	3	12	12	2	2019
99	sound generation	-0.3888	-0.3854	3	13	13	2	2014.5
100	sound quality	-0.0759	0.6717	1	11	11	2	2013.5
101	space variable	1.0607	-0.0054	2	28	49	2	2009
102	spherical wave	0.6166	0.6017	4	13	19	2	2008.5
103	state	0.1959	-0.3652	2	43	66	4	2015.25
104	synchronization	-0.3414	-0.7438	3	20	22	3	2013.6667
105	theoretical model	-0.0391	-0.9566	3	9	9	2	2012
106	theoretical study	0.75	0.1846	2	31	54	3	2011.6667
107	theory	-0.1605	0.0351	4	51	59	8	2012.125
108	time domain simulation	0.0554	0.9959	6	10	10	2	2013.5
109	tonehole model	0.5327	1.0542	6	9	10	2	2020
110	total generation	1.057	-0.4464	2	28	49	2	2009
111	transducer	-0.9158	0.2956	5	13	23	1	2018
112	ue organ pipe	-0.6343	-0.7955	3	22	30	3	2019.3333
113	upper lip	-1.0221	-0.0705	1	8	9	2	2012.5
114	variation	0.642	0.1685	2	30	32	3	2011.6667
115	vibration	0.1964	-0.2573	2	44	69	7	2009.5714
116	visco thermal loss	0.1515	0.0513	4	20	26	3	2013
117	vorticity	0.4793	-0.455	4	16	16	2	2011
118	wall	0.4826	0.5992	4	16	22	3	2009
119	webster horn equation	1.1168	-0.306	2	28	49	2	2009
120	width	-0.4799	-0.5858	3	24	25	3	2018
121	wind instruments	0.7526	0.262	4	37	41	4	2010.5
122	wind musical instrument	0.094	-0.7501	3	11	13	4	2018
123	woodwind instrument	0.3631	0.4543	6	13	14	3	2021.3333
