1	5	1
1	16	1
1	27	1
1	33	1
1	61	1
1	66	1
1	70	1
1	77	1
1	78	1
1	91	1
2	4	1
2	9	2
2	19	1
2	22	2
2	24	1
2	28	1
2	56	2
2	93	1
2	102	2
2	107	1
2	109	1
2	116	2
2	118	2
2	121	1
2	123	1
3	7	2
3	16	1
3	18	2
3	26	1
3	31	1
3	40	3
3	43	2
3	47	1
3	48	2
3	50	1
3	51	1
3	52	2
3	53	2
3	54	2
3	59	1
3	72	1
3	73	1
3	75	1
3	88	2
3	91	2
3	103	1
3	104	1
3	107	2
3	112	2
3	120	1
4	8	1
4	9	1
4	17	1
4	19	1
4	22	1
4	24	1
4	27	1
4	28	1
4	36	1
4	37	1
4	45	1
4	56	1
4	78	1
4	86	1
4	93	1
4	94	2
4	102	1
4	106	1
4	114	1
4	116	1
4	118	1
4	121	1
5	34	1
5	70	1
6	10	2
6	15	2
6	26	1
6	32	1
6	52	1
6	55	2
6	57	2
6	58	1
6	59	1
6	65	2
6	71	1
6	72	1
6	79	2
6	89	2
6	90	2
6	92	2
6	94	1
6	107	1
6	111	2
6	112	1
6	115	1
7	13	1
7	15	2
7	16	1
7	17	1
7	18	1
7	23	1
7	26	1
7	29	1
7	31	1
7	33	1
7	36	1
7	37	1
7	38	1
7	39	1
7	40	2
7	43	1
7	47	1
7	48	1
7	50	2
7	51	1
7	52	3
7	53	1
7	54	2
7	55	2
7	58	2
7	59	2
7	62	1
7	72	2
7	73	1
7	75	1
7	80	1
7	83	2
7	88	1
7	91	1
7	100	1
7	107	2
7	112	1
8	20	1
8	27	1
8	36	1
8	45	1
8	55	1
8	78	1
8	86	1
8	94	1
8	99	1
9	19	1
9	22	2
9	24	1
9	28	1
9	56	2
9	93	1
9	102	2
9	107	1
9	116	2
9	118	2
9	121	1
10	15	2
10	55	2
10	57	2
10	58	1
10	65	2
10	79	2
10	89	2
10	90	2
10	92	2
10	94	1
10	107	1
10	111	2
11	12	1
11	15	1
11	24	1
11	28	1
11	48	1
11	50	1
11	52	1
11	72	1
11	84	1
11	107	1
12	14	1
12	24	1
12	26	1
12	28	1
12	34	1
12	42	1
12	49	2
12	50	1
12	57	1
12	64	1
12	83	1
12	84	2
12	91	1
12	107	1
12	117	1
13	36	2
13	37	1
13	38	1
13	50	1
13	62	1
13	65	1
13	68	1
13	78	1
13	83	1
13	85	1
13	86	1
13	93	1
13	100	1
14	26	1
14	34	1
14	42	1
14	49	1
14	64	1
14	68	1
14	70	1
14	83	1
14	84	1
14	91	2
14	93	1
14	98	1
14	117	1
15	17	1
15	23	1
15	25	1
15	29	1
15	33	1
15	39	2
15	48	1
15	52	2
15	55	4
15	57	2
15	58	4
15	65	2
15	72	2
15	79	2
15	80	2
15	83	1
15	89	2
15	90	2
15	92	2
15	94	1
15	107	1
15	111	2
15	117	1
16	18	1
16	31	1
16	33	1
16	40	1
16	50	1
16	52	1
16	53	1
16	54	1
16	59	1
16	61	1
16	66	1
16	73	1
16	77	1
16	78	1
16	91	1
16	107	1
17	19	1
17	20	1
17	21	1
17	23	1
17	25	1
17	30	1
17	34	2
17	35	1
17	36	1
17	37	1
17	39	1
17	46	1
17	55	1
17	58	1
17	63	1
17	64	1
17	66	1
17	67	1
17	69	1
17	71	1
17	74	1
17	80	1
17	81	1
17	82	1
17	83	2
17	93	1
17	94	1
17	95	1
17	97	1
17	101	1
17	103	1
17	106	2
17	108	1
17	109	1
17	110	1
17	114	1
17	115	1
17	119	1
17	121	1
17	123	1
18	31	1
18	40	2
18	43	1
18	47	1
18	48	1
18	50	1
18	51	1
18	52	1
18	53	2
18	54	1
18	59	1
18	73	1
18	88	1
18	91	1
18	103	1
18	104	1
18	107	1
18	112	1
18	120	1
19	20	2
19	21	2
19	22	1
19	24	2
19	25	2
19	28	1
19	30	1
19	34	2
19	35	2
19	41	1
19	46	2
19	55	1
19	56	1
19	59	1
19	61	1
19	63	2
19	64	2
19	67	2
19	68	1
19	69	2
19	71	4
19	74	2
19	81	2
19	82	2
19	83	3
19	87	1
19	93	3
19	101	2
19	102	1
19	103	2
19	106	2
19	110	2
19	114	1
19	115	2
19	116	1
19	118	1
19	119	2
19	121	2
19	122	2
20	21	2
20	25	2
20	30	1
20	34	2
20	35	2
20	46	2
20	55	1
20	63	2
20	64	1
20	67	2
20	68	1
20	69	2
20	71	2
20	74	2
20	81	2
20	82	2
20	83	2
20	87	1
20	93	2
20	99	1
20	101	2
20	103	2
20	106	2
20	110	2
20	114	1
20	115	2
20	119	2
20	121	1
21	25	2
21	30	1
21	34	2
21	35	2
21	46	2
21	63	2
21	64	1
21	67	2
21	68	1
21	69	2
21	71	2
21	74	2
21	81	2
21	82	2
21	83	2
21	87	1
21	93	2
21	101	2
21	103	2
21	106	2
21	110	2
21	114	1
21	115	2
21	119	2
21	121	1
22	24	1
22	28	1
22	51	1
22	56	2
22	72	1
22	83	1
22	88	1
22	93	1
22	102	2
22	107	1
22	116	2
22	118	2
22	121	1
23	39	1
23	55	1
23	58	1
23	80	1
23	81	1
23	83	2
24	28	2
24	50	1
24	55	1
24	56	1
24	61	1
24	84	1
24	93	1
24	102	1
24	107	1
24	116	1
24	118	1
24	121	1
25	30	1
25	34	2
25	35	2
25	39	1
25	46	2
25	58	1
25	63	2
25	64	1
25	67	2
25	68	1
25	69	2
25	71	2
25	72	1
25	74	2
25	80	1
25	81	2
25	82	2
25	83	2
25	87	1
25	93	2
25	101	2
25	103	2
25	106	2
25	110	2
25	114	1
25	115	2
25	117	1
25	119	2
25	121	1
26	34	1
26	40	1
26	42	1
26	43	1
26	48	1
26	49	1
26	52	1
26	54	1
26	59	1
26	64	1
26	71	1
26	72	1
26	75	1
26	83	1
26	84	1
26	88	1
26	91	2
26	107	1
26	112	1
26	115	1
26	117	1
27	36	1
27	45	1
27	78	1
27	86	1
27	94	1
28	50	1
28	56	1
28	84	1
28	93	1
28	102	1
28	107	1
28	116	1
28	118	1
28	121	1
29	33	1
29	38	1
29	41	1
29	42	1
29	47	1
29	52	1
29	55	2
29	58	1
29	65	1
29	75	2
29	94	1
29	98	1
29	99	1
29	104	2
29	105	1
29	107	1
29	116	1
29	120	1
29	122	1
30	34	1
30	35	1
30	42	1
30	46	1
30	51	1
30	58	1
30	63	1
30	64	1
30	67	1
30	69	1
30	71	2
30	74	1
30	81	1
30	82	2
30	83	1
30	89	1
30	93	1
30	101	1
30	103	2
30	105	1
30	106	1
30	107	1
30	110	1
30	115	2
30	119	1
30	121	2
30	123	1
31	40	1
31	47	1
31	50	1
31	52	1
31	53	1
31	54	1
31	59	1
31	65	1
31	73	1
31	82	1
31	107	1
32	52	1
32	54	1
32	60	1
32	62	1
32	72	1
32	73	1
32	77	1
32	78	1
32	91	1
32	112	1
32	115	1
33	52	1
33	55	1
33	58	1
33	61	1
33	66	1
33	77	1
33	78	1
33	91	1
34	35	2
34	36	1
34	42	1
34	46	2
34	49	1
34	63	2
34	64	2
34	66	1
34	67	2
34	68	1
34	69	2
34	71	2
34	74	2
34	81	2
34	82	2
34	83	3
34	84	1
34	87	1
34	91	1
34	93	2
34	95	1
34	97	1
34	101	2
34	103	2
34	106	2
34	108	1
34	109	1
34	110	2
34	114	1
34	115	2
34	117	1
34	119	2
34	121	1
34	123	1
35	46	2
35	63	2
35	64	1
35	67	2
35	68	1
35	69	2
35	71	2
35	74	2
35	81	2
35	82	2
35	83	2
35	87	1
35	93	2
35	101	2
35	103	2
35	106	2
35	110	2
35	114	1
35	115	2
35	119	2
35	121	1
36	37	1
36	38	1
36	45	1
36	50	1
36	62	1
36	66	1
36	78	1
36	83	1
36	85	1
36	86	2
36	94	1
36	95	1
36	97	1
36	100	1
36	108	1
36	109	1
36	123	1
37	38	1
37	50	1
37	62	1
37	83	1
37	94	1
37	100	1
37	106	1
37	114	1
38	47	1
38	50	1
38	62	1
38	83	1
38	100	1
39	55	1
39	58	2
39	72	1
39	80	2
39	83	1
39	117	1
40	43	2
40	45	1
40	47	1
40	48	2
40	50	1
40	51	1
40	52	3
40	53	2
40	54	2
40	59	1
40	72	1
40	73	1
40	75	1
40	85	1
40	88	2
40	91	2
40	103	1
40	104	1
40	107	2
40	112	2
40	113	1
40	120	1
41	55	1
41	59	1
41	65	1
41	71	1
41	83	1
41	98	1
41	116	1
41	120	1
41	122	2
42	49	1
42	64	1
42	75	1
42	82	1
42	83	1
42	84	1
42	91	1
42	99	1
42	104	1
42	105	1
42	107	1
42	117	1
42	121	1
43	47	1
43	48	2
43	51	1
43	52	1
43	53	1
43	54	1
43	72	1
43	75	1
43	88	2
43	91	2
43	103	1
43	104	1
43	107	1
43	112	2
43	120	1
44	47	1
44	96	1
44	108	1
45	52	1
45	78	1
45	85	1
45	86	1
45	94	1
45	113	1
46	63	2
46	64	1
46	67	2
46	68	1
46	69	2
46	71	2
46	74	2
46	81	2
46	82	2
46	83	2
46	87	1
46	93	2
46	101	2
46	103	2
46	106	2
46	110	2
46	114	1
46	115	2
46	119	2
46	121	1
47	48	1
47	51	2
47	53	1
47	59	1
47	65	1
47	72	1
47	82	1
47	88	1
47	91	1
47	103	1
47	104	1
47	112	1
47	120	1
48	51	1
48	52	2
48	53	1
48	54	1
48	72	2
48	75	1
48	88	2
48	91	2
48	103	1
48	104	1
48	107	1
48	112	2
48	120	1
49	57	1
49	64	1
49	83	1
49	84	1
49	91	1
49	117	1
50	52	1
50	53	1
50	54	1
50	59	1
50	62	1
50	73	1
50	83	1
50	84	1
50	100	1
50	107	2
51	53	1
51	59	1
51	72	2
51	83	1
51	88	2
51	89	1
51	91	1
51	103	2
51	104	1
51	112	1
51	120	1
51	123	1
52	53	1
52	54	2
52	55	1
52	58	1
52	59	1
52	65	1
52	72	4
52	73	1
52	75	1
52	85	1
52	88	1
52	91	1
52	99	1
52	107	2
52	112	2
52	113	2
52	120	1
53	54	1
53	59	1
53	73	1
53	88	1
53	91	1
53	103	1
53	104	1
53	107	1
53	112	1
53	120	1
54	59	1
54	60	1
54	62	1
54	72	1
54	73	2
54	75	1
54	77	1
54	78	1
54	88	1
54	91	2
54	107	2
54	112	1
54	115	1
55	57	2
55	58	3
55	61	1
55	65	3
55	79	2
55	80	1
55	83	1
55	89	2
55	90	2
55	92	2
55	94	1
55	98	1
55	99	1
55	107	1
55	111	2
55	116	1
55	120	1
55	122	1
56	93	1
56	102	2
56	107	1
56	116	2
56	118	2
56	121	1
57	58	1
57	64	1
57	65	2
57	68	1
57	79	2
57	89	2
57	90	2
57	92	2
57	94	1
57	100	1
57	107	1
57	111	2
58	65	1
58	71	1
58	72	1
58	79	1
58	80	2
58	83	1
58	89	1
58	90	1
58	92	1
58	94	1
58	105	1
58	107	1
58	111	1
58	115	1
58	117	1
59	71	2
59	72	1
59	73	1
59	83	1
59	107	1
59	115	1
59	122	1
60	62	1
60	71	1
60	73	1
60	77	1
60	78	2
60	91	1
60	115	1
61	66	1
61	77	1
61	78	1
61	91	1
62	73	1
62	77	1
62	78	1
62	83	1
62	91	1
62	100	1
62	115	1
63	64	1
63	67	2
63	68	1
63	69	2
63	71	2
63	74	2
63	81	2
63	82	2
63	83	2
63	87	1
63	93	2
63	101	2
63	103	2
63	106	2
63	110	2
63	114	1
63	115	2
63	119	2
63	121	1
64	67	1
64	68	1
64	69	1
64	71	2
64	74	1
64	81	1
64	82	1
64	83	2
64	84	1
64	91	1
64	93	1
64	100	1
64	101	1
64	103	1
64	106	1
64	110	1
64	115	1
64	117	1
64	119	1
64	121	1
65	68	1
65	72	1
65	78	1
65	79	2
65	82	1
65	89	2
65	90	2
65	92	2
65	93	1
65	94	1
65	98	1
65	99	1
65	107	1
65	111	2
65	113	1
65	116	1
65	120	2
65	122	1
66	77	1
66	78	1
66	91	1
66	95	1
66	97	1
66	108	1
66	109	1
66	123	1
67	68	1
67	69	2
67	71	2
67	74	2
67	81	2
67	82	2
67	83	2
67	87	1
67	93	2
67	101	2
67	103	2
67	106	2
67	110	2
67	114	1
67	115	2
67	119	2
67	121	1
68	69	1
68	70	1
68	71	1
68	74	1
68	78	1
68	81	1
68	82	1
68	83	1
68	87	1
68	91	1
68	93	3
68	98	1
68	100	1
68	101	1
68	103	1
68	106	1
68	110	1
68	114	1
68	115	1
68	119	1
69	71	2
69	74	2
69	81	2
69	82	2
69	83	2
69	87	1
69	93	2
69	101	2
69	103	2
69	106	2
69	110	2
69	114	1
69	115	2
69	119	2
69	121	1
70	91	1
70	93	1
70	98	1
71	74	2
71	76	1
71	81	2
71	82	2
71	83	3
71	87	2
71	93	2
71	94	1
71	101	2
71	103	2
71	105	1
71	106	2
71	110	2
71	114	1
71	115	4
71	119	2
71	121	1
71	122	1
72	75	1
72	80	1
72	83	1
72	88	2
72	91	1
72	99	1
72	107	1
72	112	2
72	113	1
72	117	1
72	120	1
73	77	1
73	78	1
73	91	1
73	107	1
73	115	1
74	81	2
74	82	2
74	83	2
74	87	1
74	93	2
74	101	2
74	103	2
74	106	2
74	110	2
74	114	1
74	115	2
74	119	2
74	121	1
75	88	1
75	91	1
75	94	1
75	99	1
75	104	2
75	105	1
75	107	2
75	112	1
76	87	1
76	91	1
77	78	2
77	91	2
77	115	1
78	86	1
78	91	2
78	93	1
78	94	1
78	115	1
79	89	2
79	90	2
79	92	2
79	94	1
79	107	1
79	111	2
80	83	1
80	117	1
81	82	2
81	83	3
81	87	1
81	93	2
81	101	2
81	103	2
81	106	2
81	110	2
81	114	1
81	115	2
81	119	2
81	121	1
82	83	2
82	87	1
82	93	2
82	101	2
82	103	2
82	106	2
82	107	1
82	110	2
82	114	1
82	115	2
82	119	2
82	121	2
83	84	1
83	87	1
83	88	1
83	91	1
83	93	2
83	100	1
83	101	2
83	103	2
83	106	2
83	110	2
83	114	1
83	115	2
83	117	1
83	119	2
83	121	1
83	122	1
84	91	1
84	107	1
84	117	1
85	86	1
85	113	1
86	94	1
87	93	1
87	101	1
87	103	1
87	106	1
87	110	1
87	114	1
87	115	1
87	119	1
88	91	2
88	103	1
88	104	1
88	107	1
88	112	2
88	115	1
88	120	1
89	90	2
89	92	2
89	94	1
89	103	1
89	107	1
89	111	2
89	114	1
89	115	1
89	118	1
89	123	1
90	92	2
90	94	1
90	107	1
90	111	2
91	93	1
91	98	1
91	103	1
91	104	1
91	107	1
91	112	2
91	115	1
91	117	1
91	120	1
92	94	1
92	107	1
92	111	2
93	98	1
93	101	2
93	102	1
93	103	2
93	106	2
93	110	2
93	114	1
93	115	2
93	116	1
93	118	1
93	119	2
93	121	2
94	104	1
94	106	1
94	107	2
94	111	1
94	114	1
95	97	1
95	108	1
95	109	1
95	123	1
96	108	1
97	108	1
97	109	1
97	123	1
98	116	1
98	120	1
98	122	1
99	104	1
99	105	1
99	113	1
99	120	1
101	103	2
101	106	2
101	110	2
101	114	1
101	115	2
101	119	2
101	121	1
102	107	1
102	116	2
102	118	2
102	121	1
103	104	1
103	106	2
103	110	2
103	112	1
103	114	1
103	115	2
103	119	2
103	120	1
103	121	1
103	123	1
104	105	1
104	107	1
104	112	1
104	120	1
105	115	1
106	110	2
106	114	2
106	115	2
106	119	2
106	121	1
107	111	1
107	112	1
107	116	1
107	118	1
107	121	1
108	109	1
108	123	1
109	123	2
110	114	1
110	115	2
110	119	2
110	121	1
112	120	1
113	120	1
114	115	2
114	118	1
114	119	1
115	118	1
115	119	2
115	121	1
116	118	2
116	120	1
116	121	1
116	122	1
118	121	1
119	121	1
120	122	1
